    20852.98704
    11565.30446
     6354.88938
    13880.72943
    13644.90389
    22476.72185
 10109756.01122
    10148.40540
    10202.53257
     8029.35453
    20814.96676
   170824.20998
    39705.77611
    12420.34078
    35150.55121
     9041.81816
    25220.75448
     6369.53098
    11670.92832
     9239.65959
    69094.12954
    38269.98048
    17409.62505
     6807.97130
   485810.41980
     5427.99596
    19767.64157
    38567.23445
     8701.78095
     9606.40005
     9388.13405
   176066.79706
     7719.69199
     7743.34180
    22747.28582
    15284.65116
     6663.96544
     8721.60351
    49924.37449
   538817.45368
     9087.63268
    12183.26138
   103466.74153
    10120.17490
    39072.71208
    11232.11974
   882764.53558
  4883663.82768
    22587.39297
     7406.48702
    12056.43243
     6885.44613
     9453.70807
    21110.18825
   898502.97108
     8254.38707
     6020.14292
     6951.07891
     6449.07594
     6748.15151
     8083.61064
    18895.73137
  7191285.21174
     7648.54103
     5023.62461
     9146.36170
    12206.99832
    18439.07284
    12009.78125
   267130.98869
    16791.16248
    24100.90580
    18034.68793
    37659.01207
    12346.95868
    38838.37614
     8453.60512
    10791.70870
    76423.69279
     7366.35706
    10157.63366
   126262.71456
    11598.60442
     7642.54021
     7489.61928
   107963.69993
     8067.95836
    25257.50959
    73914.88486
    12919.19508
   106346.48200
     8529.57181
     7076.94070
     7289.26120
     6350.38821
    35614.97031
    14055.73397
    10661.91966
    21867.90509
     6974.80546
    33071.28722
    22723.69671
     7290.79957
    15522.31672
   153376.44985
    10446.22593
    16896.23286
    34194.08124
    12358.49472
    10310.10170
   185954.81915
    73132.93439
     8464.32337
     9632.13282
     7263.90101
   380463.08034
     7781.03350
    40208.08585
    14986.32049
     7514.45210
   144989.60359
     7439.84046
    13333.10087
     8320.06389
     6687.41784
     9488.26856
    17178.62186
    37428.77231
     7366.80501
    10836.86300
   529329.37199
    24987.52237
     6692.38692
   155482.56018
    18391.63161
    10142.06863
    13678.66705
     8486.60309
     5139.46538
    17790.65678
     8642.00762
    42862.16124
     7273.07197
    11035.56983
     7815.43061
   103942.29654
     9291.80096
    18301.81956
     5797.43213
    12726.79096
    19045.50621
   769116.21296
     6083.60913
     8571.03595
     7124.36046
     8319.18707
     6855.10117
    13233.34335
    11139.03905
    13160.51403
    94033.91937
     5966.98731
     6931.41648
    60964.97498
    17752.96562
     7807.56408
    29479.04489
     6428.69339
     7593.83557
    16027.39913
    15012.69042
    15074.06000
    75160.56394
    12748.43737
     7084.99813
 84301486.49524
    93509.18095
     8241.00784
    19096.71755
    11945.52596
    14185.47258
    46216.96336
     6578.43273
    12142.27101
   168547.94101
     9856.03685
     6934.20601
     8660.52083
    16819.33899
     7514.38633
    11858.59078
     8580.15904
     7231.49763
   256123.15825
    12426.48382
     8855.59672
     6909.76215
    11589.16256
    11288.04013
     9003.89563
     8385.20196
     6287.18252
    10380.95446
    11387.53379
     8374.24115
     8609.20285
    37493.62594
     9251.19339
     6419.74868
     8983.20971
    64041.48981
     6294.01535
     9354.98647
     6907.95329
     8080.81924
     7269.63945
     7486.26668
     5694.94506
    91580.46410
    30190.18794
     7490.48683
    22229.74392
    30238.15936
    57530.69783
     7802.70642
   473054.76830
     7640.89471
    20597.08794
    81574.83415
     6299.33896
   400228.06199
    15683.13824
    10943.19931
   105089.85987
    18514.57168
     9276.35546
    10784.03302
     7677.16446
    21450.39340
    51556.59482
    27536.16770
    12231.60294
    23689.34686
    10091.67440
     8800.03415
    70653.35592
     6977.14679
     7137.83668
   224285.09672
   106677.07454
    18848.80057
     4895.58517
    20158.17886
    12473.26117
     8717.14545
    14476.13456
     9794.18328
   108675.16162
     9024.94113
    37954.40011
   350334.23706
    11850.81368
     8419.59467
    12558.58682
    17809.16653
    11553.54514
    49383.15858
     6303.71092
     6226.12756
     5727.06836
     7645.85438
    11718.56411
     6975.35181
   930661.01631
    38948.89837
     8990.59106
     9072.10171
    11806.86864
     7751.10574
     9314.01161
    52381.28921
     5832.68950
     7378.23490
    25619.37167
    10286.02320
     5695.36688
     7241.27537
    10413.49046
    10729.49719
     8352.38681
     9728.47270
     9465.20339
     8516.83136
    18627.51212
    35494.23323
   107303.72271
     9746.94041
     9447.52939
     7186.83982
     7746.55424
     8608.35904
    11234.82272
    38599.93089
   238182.73731
     9947.24318
  2461135.08608
     9784.08751
    10227.61811
    12829.30489
     7025.54125
     6933.41223
    42993.39295
     6601.46862
     9815.93332
    18890.41338
     6144.23386
    10305.13612
    13356.77230
     6150.40511
    45774.79946
     9696.91460
    90537.78242
     7780.01832
     7491.99590
    11350.20111
    32338.83149
    12546.36056
    22572.00819
    12361.05802
     6272.43461
     5673.15194
    56350.53927
     6182.52999
     9949.62098
     9759.38004
     6429.66810
    11609.36460
    63512.14001
    19430.29147
     8747.79959
    15413.70286
    75714.60882
    68005.76813
   138603.53202
    15676.08430
    18733.22994
     8211.57600
    12594.38607
     6818.85363
    12425.98931
     9920.24454
    23990.41662
   341893.83194
     8675.30773
     9156.67997
    11277.70859
     7482.37437
    49527.42196
     8272.87249
    19361.20747
     8248.06700
    33684.30051
    12103.82605
     6276.69246
     9894.94871
     7789.98719
    24584.65191
    60603.23550
     8753.57809
    12559.93166
     6554.19088
   264389.75923
     7373.54734
     8379.65981
     9955.72717
    11481.12258
    12550.25930
    14982.94217
    12424.23088
     7721.06738
    24741.82906
    17877.21490
    24944.81104
     7173.04333
     7576.88148
     8210.37168
     7758.90772
     7371.18289
    51694.52215
    14175.46559
    11273.23233
    19320.95614
    20282.30896
     9411.36264
     8296.57528
   102614.56482
   353442.23199
     5818.55010
     9959.51632
     9517.46812
    27058.26309
     7033.78958
     9931.33080
     9346.49342
    13805.06464
     7093.22461
     9415.68030
     7130.62490
    28369.10666
     8644.36896
     5313.51586
     8640.34679
     7416.99113
  1730857.65653
    10060.02788
    20208.21667
    17844.15961
     9642.16626
    14970.03016
    11511.85783
    12018.12102
    10087.82390
    11620.60211
    32004.24636
    39660.91295
     8561.08920
    19480.47380
    72222.05376
    22534.64993
  1854832.00664
     5391.31693
    10442.39407
     6416.26068
     9396.55252
     8686.59388
    34982.68523
 24463601.32776
    41449.81015
    15078.59072
  1164150.02186
    12947.83756
    27216.94927
    35507.32417
     5829.24342
   801906.03590
     5965.34881
    13383.20284
    17555.48741
     6355.45255
     9861.09782
     9469.68702
     7546.06213
     8681.50585
    22313.40580
     7014.40088
     9170.40224
    28969.79404
    13608.94180
    19134.45576
     6820.55919
    35701.68853
     6183.58902
     7043.37802
    24242.13778
     6643.15962
    21281.62596
     8934.05209
     8488.88152
    17818.31988
    18010.16557
     9940.71216
     6008.64361
   217040.77472
     8372.38499
    15589.49580
     5979.81214
 10342053.45373
     7715.14360
     8263.33320
     6924.87664
    11576.71808
    10076.90872
     9039.33156
  1155681.16339
  3870263.70597
    12128.86901
    40081.07495
     8426.69033
     8975.79103
   149081.18101
    79177.48726
    37248.95157
  6584773.34962
    14924.22860
    30168.82760
     6361.84904
     8634.56225
 14639851.80275
     8963.41462
     7278.02240
     8020.14345
   447530.69278
     8612.63230
     9856.90337
     9151.13274
     7590.56344
    12856.23966
     9509.00960
    99459.00542
     7335.04509
     5454.56901
     9721.77543
    10268.66177
    10127.11569
     8509.14152
     7076.60280
     6752.68524
    80953.19294
     8064.76454
     8431.09207
     9124.36108
    11661.51869
   145468.18152
    85496.09587
    11977.36714
    11472.39140
    11032.65086
     9461.68274
    10495.42379
     6891.58944
     6730.78493
    38547.01755
    30413.67493
     6222.92535
     8721.74746
    23938.63419
    18840.44988
    16822.41743
    23079.03367
    10128.06294
     8893.12459
    96456.13643
    81593.86981
     6803.91266
   112712.72378
   613671.69121
     6030.05599
    10303.66095
    20894.41665
    88163.25084
    88567.17942
     6962.14434
    13168.80508
     7905.37538
    22161.09883
    36827.94313
    18091.92341
    65066.83761
  8403041.52777
    12808.88431
    26174.94966
     8842.21985
    10010.41694
     9503.08417
     6802.57548
    60194.67787
     5242.78464
     6168.57848
   106104.66948
    11673.60865
  1564795.35219
    19689.98760
    53280.69567
     7502.30000
     4782.65998
  1584658.69748
     5913.54603
   380168.98573
     7069.32041
   333680.88700
    18064.49624
     9763.80143
    31550.75525
    13257.15698
   651050.18440
     8496.47981
    14813.95831
    39441.03224
     7732.84715
    51505.37269
     9908.96051
    18199.86048
    71192.54464
    10574.96029
    89112.67264
     7331.68309
    12900.48110
     6901.39323
    15099.20841
     9541.73306
     8350.49588
     9930.27451
    95019.97711
    19573.51746
     6193.36050
    77559.10356
    11320.60143
     7288.83602
     9124.33581
     7232.42084
     8293.73580
     8676.63625
    42941.03693
     9808.66415
    12230.63486
    12209.07332
     9578.42725
    34509.54909
    10455.28138
     5746.62108
    12597.11271
     8276.35061
     5390.58561
     8004.76090
     6383.20811
     7640.66400
     7119.18910
  2529839.14773
    11855.01140
    65896.65873
    10411.96318
    11206.94667
     6586.87518
     8780.61827
    19826.57049
    27099.26027
    10854.49527
     8822.34852
     7942.46656
    30587.79175
    13319.42305
     9090.71571
     5878.72317
     8355.07041
    11553.31601
    10672.97778
    12659.67486
    13401.84793
    29690.99781
    30826.32679
     8187.55222
  1616502.32177
    11923.31495
   218216.65745
   665000.68636
    16200.70894
     8538.43423
     6235.49026
    15994.61841
     7646.94774
    10170.48209
    37120.42246
  2154255.39236
     9613.70739
     8085.01565
    30594.74963
     8896.80759
    13309.39943
     9782.17029
     7959.63215
    10609.23761
     9027.14365
    33841.94196
    32420.89412
     8544.89671
     7474.06061
    16115.88001
    20326.41831
     6332.84014
    17739.14203
   788808.72634
     5993.77314
   147256.38447
    13312.24993
     9155.45654
    15062.53689
     8324.25791
     7322.33319
     8618.34838
     6600.05030
     7786.11251
     8229.91576
     9957.40008
   176319.18113
    74791.26638
    13124.13016
    10209.43432
    10088.68157
    29595.85729
    13117.02332
    33682.96588
    63475.89080
     5934.42824
     9757.36850
    42460.31275
    12304.23762
    10523.31344
     6941.34496
    86035.23265
    17711.15926
     8903.66802
    15466.82535
    15326.66509
    10395.43781
    11697.35286
    34832.78711
     6743.38797
    19244.12151
     8030.47942
    12448.67186
    17777.32651
    10135.68278
     5852.99550
    10430.78917
     7662.97990
     7700.48716
     7064.97193
   260707.87267
    11093.55308
    16890.36747
    29538.89571
    26892.84752
     9567.40575
     9068.15522
    11370.03661
     9957.99438
    33672.16880
    16915.33964
     5004.06064
   270101.81896
     6801.46513
    30867.43634
   900730.54381
   746149.54039
    13193.11199
     6932.51813
    19690.41299
    11986.91810
    12151.02492
     9672.20046
     9289.24942
     8961.97356
     9120.22274
     8225.35524
    10823.17368
     9325.49276
     8378.62766
     8625.16611
    11566.53266
    31192.06259
     5941.39082
     6830.71329
     9912.00348
   337755.32503
     7932.41447
    20115.65503
    11558.89052
    11274.00974
    15176.52113
     9370.31277
     6126.18776
     6922.12581
    12721.67109
     6206.35894
   596044.31190
     6596.75937
    42042.51921
   164797.59525
    12158.64913
     8517.80912
     8367.17713
     8184.63233
    22126.41347
    13207.10544
    12221.26271
     8563.29398
     9401.69531
    12238.85986
     9176.61569
     9206.38829
     8333.16443
     7694.57764
     9724.95425
    10176.11736
   203866.79527
    12540.41335
    10657.68379
    53015.20318
  2446053.59516
    11132.00375
     7987.86959
     5067.04516
    16781.65784
     6436.05760
    47227.59286
    14573.45787
     9093.80964
     8876.54314
     7942.59286
    10686.52349
    24046.47902
     9902.86326
     9883.62639
    12881.19170
    48103.19444
     8094.18051
     7838.19506
    11592.62287
     7357.66104
    12487.45849
     8732.41461
     7470.33679
     6775.64793
     6889.03261
   961038.80836
     5704.24634
     8889.95591
   339486.67641
     6380.83984
   105264.31688
    11349.67512
     7295.44642
     8672.20552
     5018.68131
     6071.20693
    12264.13414
    32158.56221
    13896.89149
     7181.37621
    13104.99870
     5218.47540
    29946.98999
   129955.68075
     6718.98432
     9498.83170
    11135.94611
     9582.20971
    23541.07210
    10812.13914
    78577.91697
     6977.00404
    20755.87344
     9251.19521
     9849.19046
    62809.66876
     8065.26457
    14544.77093
    10263.83734
    35376.31535
    10231.70317
     8399.55350
    16655.21859
     6463.20351
     8410.30469
     9387.33982
     9835.06362
    34206.53665
    16658.51072
    11605.74142
     5045.87406
  1114580.83804
     5402.50142
    11785.63827
    10887.94665
    15185.01308
   320661.05084
     7604.04534
    11067.34037
     7432.44906
    13293.94526
    11366.80432
    28688.12234
    22358.39149
     7498.55461
     7456.71000
   714759.54420
     6789.22706
     9020.33145
   649685.83038
   440625.19290
    10771.52664
    12112.37547
     6167.59914
   580706.86882
    20435.83927
    17964.12496
     8587.70732
     5519.33814
    58782.60079
    13815.90788
   113799.84962
    18899.86620
    10989.24519
 22473627.43212
    48333.33850
    11578.49736
    18450.88209
     5752.98328
     8181.21513
    10585.49271
    11574.75089
     8136.03216
    13459.60580
     7688.50524
    11164.35429
    12855.19850
    10190.41376
     6100.85007
    15650.07823
    12736.97405
     5972.22154
     9436.30176
    11751.64181
     6474.88541
     7748.39705
    11072.86491
    13215.34153
    11997.44166
   230130.07963
     6001.14536
    17711.45029
     7519.71914
    10068.53649
   826234.01889
    13190.49886
     9377.34048
     7457.46134
    13105.09371
     7291.83792
    20818.36391
   327561.96278
     8404.03032
   209165.94664
     6457.27809
    20524.54413
    33351.02748
    19392.12901
     9184.60958
     6403.88089
    45696.38586
   250716.31532
    11123.84902
    16354.62529
    81596.81912
    46321.43816
     6899.16193
    10681.88805
  2910101.08445
     6601.53122
     7469.84016
     7600.96069
     6085.86859
     8018.86999
     6777.40150
    10934.86516
    11512.54049
   284529.19951
   150191.23021
    15218.86925
     8827.62024
    12333.05340
     9426.83735
   265423.02560
     6155.92052
    19364.26048
    17863.67846
    16468.61188
     7888.13979
     6686.96676
    10360.83442
    25335.79572
     8796.03672
    17102.82454
    10374.86830
    34082.05840
     9419.42360
    57869.64994
    33710.40363
 13083399.68738
     7653.71753
    21548.50847
     9048.75019
    13036.46301
     9670.16842
    51133.65514
     8167.12426
     7615.47804
    11642.35100
     9770.25101
    10010.61812
    33378.22902
    15203.56816
    22916.40811
    73242.43375
   133765.52833
     7796.83765
     9281.78226
    26328.95497
    19431.09833
    12638.53322
    89768.99761
    10030.03268
    10577.18586
     6070.85959
    15148.44848
    41259.24334
     7701.64411
    45623.61702
    27559.37682
     7596.83145
    80330.53553
    31392.25806
     7193.96664
   681764.67973
    10426.87035
  5622364.43666
    83730.27759
    31817.98471
    15801.80939
     7327.72590
    32340.02919
    12267.73942
    22602.79401
    20434.39232
     5929.85964
    12654.75688
    10631.24125
   115186.15022
   748896.65053
    10751.35470
   255431.58063
     5602.28923
     9721.04643
    12564.52526
     8126.39098
   150591.42071
    23206.50267
    18989.05390
    15659.32634
   954549.30497
     9582.28335
     5480.49484
     6802.03013
    13250.51820
    10041.52367
    65655.26084
   285925.42380
     9808.93941
   473095.40536
    10787.52336
    17862.62859
     6199.34689
    14100.30040
   114697.10235
    11251.95714
    17284.32572
     5564.89226
    16571.34694
    22703.98006
 18679581.77064
    37811.88377
    12050.15651
    11608.90746
     6593.14062
    37511.35345
   588207.24660
     8181.14019
    30894.09324
     6054.24128
     6047.70170
    54227.24785
   127166.22929
    14090.47341
    12016.56649
    27902.62300
     6965.20623
     5695.88616
     7585.15605
     6806.26823
     8260.96476
    12043.90677
     7130.14565
    36142.31493
     9234.68421
     8099.72033
    12535.13652
    21068.10409
     5635.49730
     5845.30447
    62425.77221
    10909.91263
    10485.39660
     7403.35729
   275925.30533
     9447.12372
    22489.24288
     8604.42245
    12552.94581
   133028.32361
     7397.80049
    21733.76230
    29326.12261
    10065.33364
     8199.32413
     6712.56364
    70045.46166
    19631.65804
   345135.00096
    49121.27697
    15944.10254
    49551.22560
   257577.25246
    13808.31668
     6548.92817
     8328.84487
   106558.39195
    40914.82319
     6805.77490
    12464.16882
     6810.33109
     7589.62188
     6477.13707
     7633.33683
   187262.17674
     5003.47830
    55426.29116
    12391.66178
     7885.54380
     8112.03263
    19286.36020
     8731.20462
    31388.60120
     5931.11902
   185378.65512
    13473.93195
   514906.84617
     9740.55838
    13948.39463
    12059.28915
 64074020.90251
     5760.28414
   105467.12588
    12107.49652
    14722.28195
    12364.68601
     4674.34791
    28466.67748
    13178.29866
    14252.02457
    17681.51326
    66766.10792
    17046.41275
    52795.04893
    40806.55664
     7881.60737
    13660.42305
    17395.28371
     8357.12612
    12938.67126
    16259.62379
     5917.93146
     8966.33172
   131629.87422
    14442.12774
  1654283.31018
     8964.50588
    12472.75201
     8320.96211
     6505.80367
     9640.22640
     9514.73743
    14024.35226
    23316.52814
   103073.51595
    36238.74636
    12029.00647
    31009.83854
   115116.56430
     4840.11498
    25930.24864
     7025.71446
    11955.22760
    11939.73408
     5687.83613
     6500.26062
     8076.23890
    11141.92206
    33704.36130
    11307.92172
   887555.26593
     8089.73202
     9132.48463
     8909.39625
    12992.38524
    15444.20222
    22440.16175
     9768.44570
    49752.18725
    22129.33249
   268284.32830
    19426.71359
     8681.37485
   794727.25002
     9957.10076
     4776.17407
   210318.87007
     6739.19238
    20008.94473
     7999.09898
    61427.42477
    89598.48171
     7426.02515
    32717.61433
     8771.08463
    54360.20578
     6497.96559
     5824.57288
    14134.42982
    21046.78192
  1977809.00378
    18937.33537
    18443.73241
    10607.23329
     7238.56506
    12595.51803
    13732.96462
    73065.40207
     5814.10555
     9984.24996
    14314.88037
     6264.43479
     6095.06043
    13154.20623
    43549.93351
    16060.42696
     5763.31719
     4839.17227
     9261.74734
    50048.85507
     9274.06545
     5981.60562
    14524.06152
    10377.47350
     9770.69448
    15354.86164
    11001.46973
    22743.91746
     8148.13493
     9828.96904
   257986.25146
    21277.48714
     9227.53944
     5734.16544
    11600.24326
     6104.50273
    30885.72654
    10645.60501
     7371.61784
     7998.93774
     6474.77576
    18582.31309
    14212.97904
     7980.21328
    11164.56634
     9035.88613
    24453.31379
   381190.60838
     9850.89754
     5598.36957
    53345.11382
    10658.68379
    20577.29081
    12034.43989
    61565.97766
     5762.43920
    19086.58186
    13240.33621
     8179.38936
     7552.63264
    21132.03737
    14802.94500
    10370.39373
    16169.23545
     8058.46576
   503081.93506
    26979.06692
    10717.48409
     7634.34409
     9809.96491
     5673.40456
    12755.16873
     5719.94502
     6779.63981
     6517.25171
     8486.95656
     4891.18348
    10532.80578
    14719.31620
    10853.82262
    31830.75312
     9451.69951
    17168.19579
    10272.84338
    14499.63807
     7471.90041
    10713.97179
    10452.25730
     6937.28546
    13580.97594
    24002.20923
     9454.64286
    58792.62977
    38518.47301
    12108.83799
    19676.82383
    40546.75538
     6243.29649
     6169.15635
    18448.22835
    15167.61699
    14993.15614
   346395.75559
     9304.10763
    10693.09246
    36875.86712
   245020.05369
     7115.34164
     9998.02658
    10011.42315
     8581.98408
    11715.49521
    16256.72680
     6225.44378
   160037.69017
    79088.20409
     7051.09219
    15976.52612
     9882.69614
     6848.86506
    39904.14741
     9555.53157
    71637.06820
    14805.16754
    10139.01808
     7132.63885
     9208.50577
   156066.75033
    23579.96695
     7983.53709
     9852.46944
    11488.19889
     9517.94896
    19721.74586
     9449.84641
    10417.99634
    43024.24476
    26993.99849
     7680.02175
    22041.31863
     9623.25178
     8511.82219
     9058.42986
     4956.13616
     5570.42774
   161499.47215
    30246.54469
    10651.17978
    23296.93676
  1961360.49834
     7464.68569
    17388.97184
    35918.82504
    16448.58419
    18856.86574
     8721.97894
     8704.83719
  7961586.46728
     8362.11494
   221652.93698
    46315.79072
     7161.50336
    14201.13105
   611453.54210
    46739.11686
    49321.87633
     7185.63759
    16732.39054
    14536.44003
     9060.56207
     8230.30192
     5255.20097
     7787.61049
    11012.97341
    56271.66811
    60902.00901
     8346.19882
    22417.24944
     9744.69294
     8932.43098
     7900.65455
     9822.40579
    11657.41974
    10063.98993
   196623.52792
     8199.24573
    13029.74038
     8564.03408
    13334.29912
    19144.33670
     9856.20059
    10106.69130
     9275.57279
   224905.27467
    14130.45471
    22471.36812
   153490.70962
    11785.09524
    26589.52770
    18313.85584
    10660.25050
   265252.62385
    10053.49298
 76099567.19277
    22693.62149
     8934.20045
     5671.99001
     8916.51823
    39209.05827
     7010.41201
    77564.44378
     6439.80883
     8560.24210
    12717.86559
   249466.53811
   260620.02079
     6892.04457
    35213.62351
   118476.11086
    68189.22524
     6063.67513
     9424.98487
    11662.65844
     6346.19209
    25270.31609
   478286.81435
     7416.82337
     6811.48288
     8652.20873
    13236.59127
    15161.36342
    35528.05943
    33534.81116
     7252.27664
    29422.19323
  1470627.85982
     6479.37604
   380129.39721
     8914.42773
     7262.98650
     9886.05556
     8114.80521
    18733.28880
    11223.43580
    11306.23438
     8031.49941
     5883.92027
    15874.67872
     6716.14289
    24528.49386
     8463.49734
  3855921.71630
    41174.56911
    38953.20018
   288736.91385
     7183.91263
    11610.19603
     9612.72534
    10083.77492
    13809.84936
    10828.71628
    15186.88563
    68347.17735
     6267.27201
    19595.19792
    49983.36023
     6788.46223
     8764.67130
     6447.69284
    21407.60595
    20011.24847
     9166.03035
     6878.11470
     8994.74902
     7484.29083
     9512.78550
    34365.08010
    11708.55779
     6552.49048
    43221.20761
    21633.83206
     7061.96305
     9076.03693
    12368.97866
    19831.05901
   822844.42251
    10580.35102
     7924.43136
    12036.17597
     7452.42281
     7855.45253
    14394.57605
    16006.58529
    13960.20160
     6837.30870
    54488.44904
    44882.96480
    20964.73447
     6671.38010
     6218.46469
     6357.48355
     7468.38950
  3392572.01002
   710883.90348
    33216.10988
     9239.70250
    20051.95166
    25098.88662
    10450.92440
   288941.71725
     6827.77855
   121672.84491
   829085.87978
    29662.79071
     6589.48119
    23618.47509
     9435.92528
    96336.54574
    30514.03912
    19820.71268
   294948.72385
    18041.69550
    13494.64481
     8205.68935
    42529.91101
   164230.41668
     7310.17892
   110658.51568
    13028.41322
    10135.22835
    82284.82140
  2288322.20580
   138731.85140
     8216.01993
     5697.15316
     9504.24599
    27012.43189
     6511.32033
   118542.24062
     5845.97723
    46962.96997
    73448.25710
     6013.29862
     7678.96817
    12737.93656
     7659.48344
    68783.70588
     8186.91745
     6207.27253
     6829.68741
    10661.01009
    16847.32806
    14607.51610
     7071.71092
    27536.77610
    16788.10723
    31171.11736
    14379.45129
     9766.05752
     5957.89473
    16632.59350
    27723.42564
     7155.58360
    15710.91560
     7794.79485
    10548.97101
     8979.32582
     8284.04871
    13478.11578
     7788.81824
     7105.98267
     7814.30316
     6787.57736
    16133.17447
     6170.13306
    10392.99380
    31944.23560
     6788.49447
     9185.96215
     7344.58745
     6072.45976
    16460.78670
     6497.33708
     6099.22429
    53214.37153
    39026.35566
    42114.44051
     8061.00926
    60640.00724
     9867.49661
    11476.17009
   175293.48964
    13306.43674
     7378.28530
     5209.14608
    61356.51699
     6064.33878
    13765.87118
    17884.50992
  1973427.00731
    12321.29617
    39233.77393
     5302.80152
   100669.49604
   141252.20047
     6544.73999
     5620.25194
    11536.91790
    16211.36154
    11220.68449
    30615.19738
   694689.57587
    26079.47674
   793999.27417
    26920.16784
    27902.25468
    10289.88145
     7790.14949
    10977.67508
     7082.31515
    89958.68424
     9626.98392
     7064.28746
     6623.79435
     8218.80639
    10415.95245
    32398.66422
     7562.74131
     7407.88606
     9154.72080
   167248.81522
 28542746.75722
    22232.88226
     9847.39123
    28344.77523
     7870.51663
    15714.38803
    34916.77143
     7994.08634
     7566.65188
     8791.54411
    12346.34095
    58720.91050
    22156.60521
    11803.04191
  2875551.93283
     6917.15363
     7973.68504
     8808.29448
     7497.76062
    44493.16215
     8375.37705
    35792.72241
     7461.99332
 31726384.58016
     7184.18420
     6913.09466
     9036.20502
    18435.10332
     7174.20283
    12589.99689
    89181.69415
    10407.90045
    11125.43201
     8177.06298
    14791.52271
    17814.36387
     7099.80242
    10873.47898
    17807.39316
     7942.37688
    14086.94477
    18758.84750
    10319.88983
    13644.70074
     5781.86025
     6650.44380
     5788.43633
    12573.35467
    84358.43079
     9712.59385
    33863.81213
     7317.55435
    21133.22889
    12588.80668
     8092.52615
    11065.49218
     7851.86660
    13789.39964
    10794.34827
    18136.78387
  3734490.60976
    28537.63876
     6295.80621
  6421896.22113
    59418.19421
     7937.09562
    11978.67262
     5861.29539
    11103.67286
    15333.28851
    14276.85984
     5689.72867
    12822.00862
    10897.19409
     9537.55874
    14508.04322
    10157.18634
    96258.74142
    10364.31345
    11673.58041
    12933.47219
    15722.82049
    31097.84534
     8086.05341
    19430.39943
    16275.30767
    11386.74862
     6722.41772
    10538.69548
    18811.67925
    13550.47007
    12394.16485
     8651.91791
     9585.70253
    13566.96792
     7385.08006
    14340.85005
     5220.68327
     6356.14964
     9621.05461
    12359.42681
    16604.12624
     5648.50354
    12149.14626
    14525.89138
    12742.51593
    33632.05096
     5595.87179
    15359.12968
    97791.02522
     7989.63252
     6151.93219
    26741.90872
     5792.66210
     5658.20861
    66141.03436
    14479.16909
     6214.60275
    14426.10434
     7251.05610
     7276.26167
   127788.04732
    86530.31924
     7571.73785
  4499601.81615
     8358.04722
   122644.23346
     5606.39330
   147127.48199
    11861.75796
    10617.08013
     9314.82658
     5620.39161
    99235.46745
    56568.15685
     9203.56846
     6462.78852
     5310.16569
  2503387.73703
    36697.39352
    10506.88069
     6406.61747
    28979.36280
     6712.19069
     9719.53335
    10009.14562
    34130.25286
     5621.11062
    63761.93218
    42502.77299
    82270.67574
    10889.03031
    15347.21732
    11777.40721
    43057.26290
     6937.99179
    17141.84734
    15330.88091
     8117.89370
    16404.90217
     5987.12399
    15907.98359
    19695.22712
 13614291.80228
  1590978.91846
    28389.14723
     5707.89343
    24911.92242
    14427.32685
     6207.80491
    12643.63283
    17758.23110
    19224.55060
    33107.67265
    30152.34752
  7238966.93025
     6433.26983
     8742.61329
    11999.66950
 87671598.65681
    13356.09890
    35050.63028
     9338.38632
   176842.32115
     8194.93422
    76698.99144
    28902.19620
    15043.55833
    19416.18005
     6803.77894
    11982.29213
     7830.72020
    17160.26727
     8052.16742
    12477.59605
    11032.59620
    17554.44736
    16386.18111
    19422.74178
    13145.05891
    17899.44895
   165593.51819
     8137.92232
    11553.64466
     9025.46958
    18239.02933
     5876.93144
   113762.53481
    18358.67314
    31753.03156
    54149.84618
   274589.31187
     4433.20880
    26690.53196
    10830.47732
     5498.22350
    18550.07824
    10057.84044
     7307.58735
     5858.01669
    21593.87219
     6594.14101
     7535.15904
     9066.75505
    12706.12950
     6400.33011
     9669.66932
     7825.64891
     8775.01183
    17411.76369
  2536164.62699
    55924.25155
   624385.66907
    11313.20234
     7541.12341
     9103.11290
    21002.16375
    16092.35428
     7741.47245
    13543.51961
    78591.81991
    30795.90077
   189364.48773
     5629.81991
    12716.72665
    12490.94943
     6442.95941
     9839.23194
     7505.85313
   392519.08941
     6115.38746
    65341.42091
     5775.18089
    53109.05042
    27505.52021
    12410.86593
    29904.42806
     6593.64003
     8559.38222
   497443.40480
   130661.14441
    13069.87816
     9552.62188
     7692.66853
    11351.57041
     7337.05060
    12455.36489
     6456.99170
    26607.67282
    20782.31682
     8217.79129
     6403.23103
    19561.50716
   139411.37144
    16265.68173
     6642.60039
 14698473.30192
    18191.03601
     9488.04825
     7480.87382
    54074.10330
     6773.99857
     9024.01971
     6781.04296
     8065.73936
     7131.86335
     8747.55517
     9422.80846
     7086.33962
     9035.81088
     6865.12417
    10864.73273
    11726.71188
    13664.31051
    18858.27855
     5724.06317
    13245.96377
    12074.09224
     6739.39885
    14016.64060
  1357036.90375
    17571.14964
     9787.01886
    15413.15476
    12676.07872
  1270238.97012
    12725.33726
    20389.54733
    48194.79117
     8291.75527
     7889.49621
    26895.47316
     6075.86456
     6624.90917
    17027.51938
   518155.09402
     8858.98000
     9689.67337
     9001.95247
     5669.05974
     9589.74442
    24065.41109
    25317.59367
    95769.07922
     6187.03510
     7020.58220
    11497.43350
     9355.52419
    14247.09465
  1974089.48546
     8765.83680
    11659.26514
     9603.45254
    11710.49311
    12831.13087
     6595.21817
     9571.72703
  2386907.70461
   648598.00239
    11359.78776
    37592.91489
    10927.57542
    13127.38194
    13362.61636
    63550.90611
    14094.80625
    10665.35424
     5689.49829
     7847.96695
     8223.09226
     8505.50671
     9594.00474
     7681.83651
    12716.40749
    10980.29681
   426980.78550
  4575844.10892
     9601.07070
     7671.18054
     9470.01714
    14299.03037
     7053.91076
     8236.77230
   108276.45082
    21656.60159
     8537.65314
    10311.63142
    10473.95963
     7330.66744
    24339.14160
     9847.28121
     7138.24215
    11730.45108
   211930.36230
    12514.30562
    11722.57446
     9839.05194
     5656.35422
    57475.96388
    13687.91993
    34353.12194
     6663.55249
     7731.84980
   109778.85767
     7527.59532
    11015.13377
     7430.69650
     9417.36422
     8858.51741
     5895.91236
     6316.31799
   103097.08296
   143844.63613
    10768.43668
    17296.92066
   306624.70105
    10060.90574
     6887.73273
     6118.13813
     4774.73254
     7245.84689
    31875.15792
    34515.45537
     6585.84202
   117596.26487
    12068.31667
     5819.20849
    13556.42812
     9861.38322
     9426.53472
    13639.88426
    12006.12948
   245889.21514
    10872.75349
     6875.76436
    44665.88266
    14431.11976
     6417.79906
     8672.10294
     6839.84277
     7090.97797
   707052.45373
     8085.68745
     5973.07456
    16497.94731
    13099.34996
    10240.88141
    10622.94331
     9712.68107
    14008.64167
    10978.58726
     5812.72315
    19942.99138
 22448981.61195
     9867.63167
    10017.97151
     6521.45896
   262752.90514
    44078.16504
     7395.50114
     7088.70419
    15880.69555
    10737.32037
    94828.98283
    16807.74171
    16361.92457
    86814.82871
    12025.60835
     5976.20999
    17595.42601
     7570.01311
    13764.89782
     9414.58292
    18201.32244
    37625.31603
    10410.99428
     6264.30209
    14298.64213
     8279.63630
    33017.60089
  5907291.84130
    80553.85576
     6147.47059
     6513.97217
     7369.71916
    17536.13379
    65702.36722
     9706.13404
    28791.60720
   137547.65040
    37262.37923
    11717.78473
    11566.28866
     6253.00206
    31800.17614
     7084.60491
    35713.04501
     9974.79294
     7687.16073
     8719.04189
     6175.59889
    13382.15245
    22856.90386
    20459.43994
    17678.79654
    11444.62794
     6371.79046
     7276.34189
     8422.26742
    11809.60122
     5010.11504
     8945.33796
    12898.33027
    37327.81287
     7356.61397
     4754.87388
    43772.81116
    19767.42210
    15183.37116
    21835.07447
    15586.12983
    12356.81180
    13860.59999
     9273.43424
    11805.12080
     8336.32210
    12783.81099
    53738.56725
    21303.28979
     8373.21047
     6505.97688
     5464.81679
    12495.02686
     9303.83921
   180330.32512
    17023.97108
    15442.39808
     9468.95340
     9272.00044
   932677.08734
    23642.67908
   110973.77908
     7572.30487
    58759.50381
     8876.81098
    16720.06378
  7959699.05988
     6321.57793
    12796.56363
     5788.90853
     5506.79584
     5296.65725
     9089.33896
    34768.35631
    59916.82093
     8030.39510
     8979.66371
    12348.04803
    17958.24450
    11355.94069
     6386.22821
    12931.96386
     9476.04678
     8624.38879
     8572.81680
    14798.07561
     5230.78013
     8172.32451
     8267.68837
    20072.92542
     8194.85300
     8518.85295
     9928.52236
    53459.97084
     7592.32945
     9649.37464
    16509.58513
    17356.35170
     6820.97350
     5956.66742
     7780.17488
    12160.03366
   141522.44339
    14562.84523
     9499.50792
    52011.73183
  1002224.73012
    17447.54219
    10586.17755
    55629.96126
    31561.03624
    14725.77912
   192137.70887
     7958.78127
     6179.74499
    21184.53666
     9411.27321
    22099.78512
    14905.75571
     8436.18150
     5238.91085
    10106.31647
    21018.52135
    13000.82350
    15709.86367
    22606.50951
     7859.42766
    14452.84406
    75810.55112
 12469467.08280
     6941.61448
     5861.92340
     8570.07750
    16485.11223
     5960.08519
   119946.95982
    11134.51284
    16223.81457
     8391.55599
    15223.39283
    29401.75381
    67513.06959
    16575.84451
    13923.50667
    17125.89219
    27439.91460
     5867.92534
    12299.82304
    11211.97452
  1515600.33312
    11219.81768
     7127.33354
  2453880.70110
     9255.26008
    10475.75137
    12592.18067
   545932.20419
     7443.38524
    11195.92268
    27422.66379
    17726.71669
    29419.29646
    58732.04340
    35683.41967
    19722.57866
     8526.88646
     6195.95404
   111606.01147
    10275.43022
   110749.23437
     7962.37499
    10166.07826
     7684.29132
    43402.44005
    19008.00896
     8874.23698
     6687.78756
    13872.27824
     6112.29440
     5766.69483
    20698.09228
    10627.22858
    40910.41262
   184747.96719
     8837.81959
     6616.27077
     5163.79001
     9592.14924
    27434.26254
   126925.08971
    18427.96795
    13647.91012
    11558.56887
    17267.82908
     8104.57036
    10482.27744
   461493.26061
     5418.30930
    32753.48342
    11501.22201
    37518.26032
  5015877.28889
    16513.94559
    15853.12286
    14795.41034
  1247156.82771
   189970.22060
     5236.29247
    10736.32417
     5771.23356
     6519.72675
     5343.39368
    12119.28339
    12610.60538
     7097.46519
     7930.50536
    30581.47058
   193562.48995
     5197.43413
     8353.36288
  6940432.84424
     8835.10946
    21339.50432
     5990.11565
    11336.03436
    11822.04600
    27822.42906
    17167.22498
   174853.42908
    11636.05488
     6764.30393
     8452.88951
     8781.97897
     7202.18836
    13165.70375
    11156.22163
    11690.73956
     9740.21610
     7299.95611
    15137.08543
     9898.45540
    10344.99277
     9508.14689
    26074.57682
    12915.65673
     7497.14663
   115128.27611
     6874.11548
     5506.22574
     6492.90603
    46932.05397
     8016.42355
     6781.71033
   193952.31779
     7021.20409
    19051.66228
    59143.66643
    15144.44294
    12309.68339
    72621.97689
   225832.79187
     7179.21716
     8030.40948
    10597.09576
     7004.68161
    10555.61732
     7288.76998
  3021216.39171
     8936.91803
    32603.61541
    16314.23339
     6471.58305
    14825.09857
    49948.87677
    19736.10988
     7013.62021
    16462.44090
    19592.19312
    10823.18558
     9292.48936
     8923.44376
     9515.41890
   860510.57217
    11984.58964
    12495.95591
    61162.11602
     5742.57088
     8169.68369
     6282.20673
   335159.30760
    26863.90661
     6210.51356
    32434.17410
    10283.97111
    10278.87713
     8559.33098
 52605155.13858
    13380.33418
    59353.43285
     8356.06021
    23933.27298
     7819.01113
    33190.74342
     7769.74774
     6595.65193
     8439.74084
    10804.33058
    24654.54909
     5719.89686
     5267.30327
     5397.76945
    11174.65122
    22843.46147
    10115.66017
    96002.28672
     5225.71329
     5123.94269
     9626.25181
     7926.12360
    13175.30659
    34388.50029
     5679.39858
 31102056.38936
     5707.42059
     7030.24842
     8849.73860
    50472.87308
     7376.69551
    10712.66365
     6782.63114
     9783.11964
    10468.08454
     8491.15091
    11342.38911
     8534.50929
    10267.61246
     6514.91584
     4737.93398
    12831.63983
     8584.13531
     6778.78364
     9974.93355
   108612.66798
    23206.74994
    13402.79898
     9758.38855
     7779.44309
     5426.18664
     4984.36186
     7727.76511
     7216.49709
    10491.09419
     9998.35638
     5806.21050
    15178.78488
     7744.16885
   136442.39289
    13440.01615
    12624.19016
    19923.86389
     7626.19864
     8675.70062
    26617.10487
    10569.62090
    17132.22306
    19774.22951
    16974.00671
    20709.29494
     9869.82036
    10470.66297
     8262.03159
     7103.11837
    15698.20341
    29401.48295
    11097.32337
    10266.18564
    38988.68647
     7618.50623
    14179.39119
     8391.22724
     6268.27564
   100713.97624
     8674.52323
     7019.88629
    25561.11369
    40197.99918
     7938.88424
   139189.87153
     7018.67519
     7247.98930
    26570.34975
     6808.18429
    17407.90041
     6097.46770
     7219.68821
     7451.59011
    41158.17638
    18097.55268
    96301.66189
    11428.44498
    17962.90894
    12740.20453
     5808.36015
   305253.72914
     8182.97482
     9725.59346
     5339.37819
     7055.73396
    18715.16238
     8368.11925
    15615.50638
    10087.67310
    11727.99755
     7992.38257
     7117.16945
    58486.34547
  1299395.67660
     6813.29370
     7232.63383
    24790.45975
    74661.04366
     5332.68519
    18618.56000
     6737.87762
    10210.80024
     8333.25184
    19766.25311
    22314.08768
    20222.61277
     5591.10971
     6168.17656
    18451.61661
    32060.74335
    12356.55715
    11864.70693
     5759.83039
    16139.07973
    14405.03721
  1671209.88765
     7233.04304
    45257.84240
    14046.47793
     9384.60280
    18953.28975
     7797.76868
     6150.19507
    11296.71998
 41508928.94196
    33650.25797
     7653.42435
    10362.74089
     7491.05412
     6548.01784
    18082.75113
     6584.46844
    10036.88518
     9852.50567
    15482.78128
    10068.02212
    80491.78254
     9857.17664
    16419.52503
    14994.03880
    11616.80676
     7389.21529
     9092.18382
     5137.18007
    95685.88220
   110642.44031
    14951.43502
     8465.41609
    26587.59743
     6254.80340
     5764.93448
     7848.68325
    21060.99521
   294446.53895
    17824.19263
     9079.51996
    11585.59662
   163791.26802
    17287.47676
    11215.30996
     7537.70136
    40860.52718
     7557.98579
    15214.33852
     7821.77230
   133503.66815
    13211.36115
    11949.23400
     9897.66728
    11173.87740
     7755.31807
     9455.14260
    75090.17244
    17991.33788
   188837.33043
    30864.75672
     7227.44739
    10326.31558
     9516.29426
    11015.17297
     8428.22987
    24051.35400
     5417.93876
    21177.08686
    12213.45000
    13717.10721
     6679.00458
    15556.57353
     8643.76679
     8556.38337
    18408.16141
     5678.19140
     6835.42684
    33704.39250
     8052.62554
     5177.91101
     6521.62963
    29932.68600
     6667.46011
    35811.35128
     9168.14760
     9723.38382
  1652029.55256
    33638.85621
    28638.03513
    99474.67048
     9036.98010
    10525.73584
   149452.75549
     7329.46035
     6034.81830
    10286.97729
     8649.61899
     8076.54090
     7993.81421
     7667.08905
    23008.91419
     8812.25512
     8456.35108
   102948.86844
     8440.26769
    21086.38851
     8848.18404
  1625514.18091
    12753.01980
   292863.40046
   913662.38233
   123273.82766
    11818.40535
    11395.75648
     6040.24134
     5713.14671
     5398.45248
     9778.13861
    13306.69296
    10787.76376
    10438.20659
    20533.28986
   131877.26188
     6927.80161
   110875.11933
     7831.27353
     9168.51027
     7691.22834
   497426.56045
    10676.66715
     6131.30144
    22153.97601
    12725.80552
     8747.38189
    18542.49295
    12428.46832
     7312.08226
    77598.73311
    52018.46189
    28428.30160
     5822.19546
     7197.85671
   314284.38744
    10811.42932
     7856.31283
    15617.06864
     6244.08270
     4969.98919
    11493.32231
   123327.55032
     8277.27466
     7856.72991
   131098.93820
     9297.65527
     7616.26271
     7005.43403
    16061.58871
    10802.21809
    23756.27137
    11926.44668
    10248.32289
    10047.06881
     8462.27190
     9184.04581
     6875.45990
    10882.05807
     7916.81099
    21095.23930
    23822.42433
    12599.86479
    81284.19136
    19251.81351
    11097.74790
     8696.42471
     6437.76417
    63443.91807
    19096.52869
   208845.15738
    14432.04394
     8627.44139
    89098.40165
    14769.22762
     9337.11165
   227386.15944
    16620.71846
    87190.21339
    30260.65470
    18938.81474
     7885.80878
     5538.82553
   204219.02608
     7674.96036
   112313.38297
    10623.90786
    21948.26543
    70405.31673
     7038.60950
     8162.37996
    27655.75088
   101725.80092
     9747.59501
    30188.01650
     9497.86001
    10432.47739
     6487.08551
     7189.30817
     4980.60399
     8520.79552
    11242.35933
    23474.71413
    20390.38600
    18445.08886
    24533.96689
    16355.35240
     7951.72747
     6197.70233
    11557.32938
    20584.81499
     6611.88164
    69985.95734
     5921.27129
     8573.46790
     6286.82313
    16120.50096
    10019.02291
    14641.28402
    15435.39177
    30512.52131
     8607.15620
     5853.49403
    11910.82967
     7252.20643
     7380.58721
    16462.45705
    18668.51385
     5414.86964
   210960.02929
     8584.04880
    11157.85961
     5410.55863
     6231.38666
     9701.29546
   123896.44950
     6782.95762
    59023.12668
    27898.03882
    11258.44319
 12462662.92836
     9431.88870
    10025.05506
    88674.05499
     5827.77978
     9448.87253
     8254.98971
    25304.83903
     6867.12508
    38937.41156
     7315.27058
    76305.49714
    12640.01159
    15377.51680
    54597.34384
    11666.91395
    14940.90594
     6088.47084
     7883.36961
     5913.72631
     5547.17294
  2163661.71032
     6915.30233
    14678.46590
    13198.38289
    13387.14568
     8161.86311
     5154.14533
    12484.43898
   459516.81076
    85999.10666
     9897.46892
    11615.30538
     9653.72593
 11521448.22417
  2330219.33525
     7305.28443
     4995.80419
     8218.90634
     8894.54776
    11637.98314
     6198.10930
     6541.45846
    12808.37504
    11562.69250
    92013.39372
    28769.16776
     8336.03729
     5530.79508
     6250.67050
   513247.82332
    20915.87020
     7941.88576
    10403.92469
    10541.08356
    11865.99232
   441877.33988
   391795.50478
    11147.68885
    10400.19243
     6307.54803
    77665.35683
     6480.87051
    36642.94652
     7339.99586
     6231.41766
    12491.27749
   634434.55395
    10684.03336
    49736.61328
     9514.30369
     7004.47928
    31094.64215
     6653.10965
    70488.32499
    11889.49255
     6401.51540
    36554.53469
    54739.58967
    38404.36271
     9948.48025
     8773.54901
    13328.98354
    13589.21518
     6835.93410
     7653.36429
    14495.62728
    11713.37170
     7028.92166
    15646.42717
  5581282.79975
    13793.60872
    74346.00850
    10311.05116
     5652.28803
     4424.53320
     6843.82592
 25717675.13465
    12343.64382
     9384.92696
     9530.39147
     7532.17650
    13124.31605
     8045.99603
     6972.21802
     6216.78536
     5603.92882
   216826.69689
     6720.23809
     5224.08003
     5934.83841
     7105.21049
   245835.93143
    14312.00815
    25129.26757
     7844.20132
   255962.54837
     7653.78346
   458907.32420
    23548.39123
     6636.39953
   165303.62880
    11704.39096
     7137.49181
     6811.09028
    11927.15785
    11332.04066
     8737.21195
    39905.61334
     8835.44230
     6515.53669
   322082.04042
    57778.08242
    12194.11370
     9069.87367
     7856.03788
     8249.30406
    31235.82027
    30906.52289
    90842.78827
    12216.50326
    14308.79622
     7743.51624
     8393.01183
    16742.73249
    14003.57573
   157026.32852
    10252.62625
     9892.69927
    36188.98711
    14382.61267
     6526.94365
 11482327.66662
    28077.91072
    13227.05968
     4466.03462
    21018.98037
    11246.61362
   535330.30015
     8245.56029
     7995.09491
    15205.70557
     8551.40709
    18653.94217
    11858.60339
    15249.34278
    32504.48846
    14060.85452
  4002247.32136
     9441.43439
     5883.49053
     6914.77422
     6675.01005
     8571.40137
    19738.34370
    25628.42484
   898225.78764
     7668.05460
     5769.28414
    14423.45204
    13056.10699
    11863.26284
     7787.79166
     5653.95815
     8401.35446
   452483.02476
     9051.04439
    38578.46548
    34269.50487
     9361.71683
    31936.20308
   829507.17155
     5557.66997
    13607.81363
     8295.96787
     6342.58969
    11145.48705
     7243.78262
    33961.78480
    57945.02092
    74590.36010
    16203.41007
     8966.31844
    11152.82685
     6302.25134
    11531.96686
     6567.55159
    20934.04800
    14128.43025
    11959.84254
     6688.31455
     9093.99019
    13559.57185
   154853.02449
    13479.13796
     9840.86982
     5061.55641
     9809.15071
     6563.66696
    13611.45765
    66066.15484
     8106.49756
   161640.76306
    11200.56249
   147163.88245
     8699.78029
    15703.99988
     7221.92751
     9383.42676
   567741.83212
   127035.08691
    46096.99715
     9760.11779
    23174.81122
     7230.80342
    12007.08281
    35408.18789
     5050.32976
     6008.72035
    31558.96417
    14167.56715
     8171.44111
     9488.20830
     6882.76088
     6458.35546
     7291.85167
     6676.26995
     8641.90822
  6645629.53779
   254159.31967
     7067.93686
     6048.77000
    16877.91321
     8825.49047
    45101.98777
    13507.25085
     7003.27232
    14247.77578
     8022.01653
     8361.38731
    29669.93121
    12990.31992
  1138538.02223
    11583.53307
     7201.48847
    10421.45105
    12749.82994
    12415.34707
     8761.66363
     4633.00491
    22638.72702
     6560.98995
     7933.22944
     9197.51614
    31479.54393
    17269.38425
     8169.88222
    36316.13802
    45316.97330
     6022.02259
    76977.72609
    77079.57771
     9171.53671
     8890.12182
    15852.96908
     9892.74602
     9015.97014
    13879.65082
     9084.56816
    11833.19325
    11179.58891
    13663.31610
     5825.15396
    66347.12762
    25006.15147
    20395.14000
    88885.98287
     6773.37245
     7908.12619
     7376.14865
    33161.40412
    11183.55650
     5885.92089
    11359.45366
     6912.13425
     7410.20203
     7365.91813
    18456.22421
    23721.94043
     5687.00721
     8857.47304
    20808.87655
     6763.82863
    25552.48532
   146280.44216
     7523.22199
    11590.74803
    38153.69943
  1643839.41927
    13151.13744
    59464.17518
     4718.11008
     8658.59535
    17170.50852
    12891.39606
    73652.79030
     8096.03877
    11164.63614
    12383.70671
     6754.25899
     5962.02827
    12417.31132
    28094.55090
     6748.99880
     8597.45568
     8264.92719
    12083.48833
    18457.66322
    11416.95326
    32709.49290
    41081.54668
     7753.38647
     9703.07171
   475732.48969
    99246.92934
    18574.69050
    32971.89003
    10314.60266
   238561.74422
     6613.96046
    10166.16543
    36103.49573
   130744.56130
    15428.63435
 12494145.28192
     9949.83622
     5577.69171
     7668.89103
     4961.78009
    11420.89631
     6497.97159
     6335.56336
  1301499.41669
     8946.77177
    16666.53900
    17090.01731
     7740.17542
    36316.85863
     7227.87765
     8812.30569
     6627.74132
     8323.49153
     6789.79118
    12173.54778
    16410.33360
    21027.01587
     8496.98479
    55128.88415
    15801.95085
   556478.47970
    83272.37487
     7730.63358
     9696.64351
     5632.79512
     8096.78351
     6605.72742
    15184.56357
     9078.40303
     8492.12255
     6364.65024
     9852.34490
    10176.63286
     5271.90579
     9205.41718
    10412.12841
     7240.98138
    14090.96166
     9930.33589
     7562.49126
     7352.73532
     7964.91386
    12502.49206
    14682.03414
    11584.60233
    25326.73536
     9075.35440
    11297.30471
    45313.58702
     6797.92555
     5428.92743
     6363.06879
     7687.40990
    22911.98009
    10780.82975
    48689.66232
    35009.55498
    11535.39626
     6600.46723
     9010.70585
    10011.07189
    26067.94128
    14465.58156
     6052.48633
    55630.76820
     9337.63885
     9001.56749
    57525.59645
    10637.22675
    30198.62041
    10401.82082
    14115.75502
    11842.41532
     7407.42221
    42203.87538
     9947.89105
    11054.72706
     7583.05317
     4923.21331
     8742.35517
     7115.79110
    10130.64304
    11149.83633
    21199.57629
     6285.56647
     9125.97618
    91189.11875
   150792.43366
    13175.90184
  7320782.01347
   436759.99226
     8463.99823
    44266.04986
    27231.38529
    10097.06833
    40109.00072
     6001.79699
     8271.75427
     8286.95229
    24384.75240
    11856.67059
     8525.06490
     8788.56017
     6347.21682
    12241.82936
    22042.34657
     9059.98034
   109045.31658
    10506.32170
     9386.81029
     8152.75759
    16588.52723
    21518.82579
    30908.39081
     9066.84035
    31970.24668
    32824.81850
     6040.63683
    11183.21696
    17773.60248
    21621.24049
     6133.33722
     8866.44051
    78404.86780
     5310.83462
    21003.48017
     9282.46360
    16045.01776
     7912.75994
     6606.37830
    18904.07955
    16102.74565
     6935.32702
     8468.35600
   137084.24223
    30123.26741
    19708.62970
    11387.76685
     5816.61675
    17349.72595
    60949.76565
     8336.77430
     5961.49261
     7527.92491
    12826.28646
     9128.65128
     8994.55838
     5853.60286
     7245.18130
    39860.39627
     9118.73141
    58263.81427
   188811.09547
   476806.46166
    11001.76618
    11958.06328
     6423.88131
     6831.89570
     7484.03061
     8350.54922
    10230.80487
    11128.15732
     7338.16237
     8100.18772
    31245.32124
    11429.87589
     7398.82008
    10673.87140
    16927.30304
    22775.44567
    62484.69483
     6656.19960
     9982.77746
    42539.12243
     8363.12891
   287658.22478
     9771.79688
     6647.78751
  4965284.39899
    64462.81987
    18169.97435
    10981.77374
    12021.60104
    10810.02113
     6604.59898
    27362.52680
    12624.89770
     5976.10424
     8017.82791
     8509.59658
     6372.72873
     9400.12632
    10932.81564
     6347.35421
    39704.20854
    46667.19181
   255930.77119
    12982.23007
     9053.37867
     8438.09092
     9132.64726
     6143.81339
    21194.06393
    16040.44185
    17830.53840
    14881.61900
     7145.20005
    10614.63980
    12571.50484
    19800.98713
   171911.53767
    97889.28815
     6375.94299
     9153.15167
    12501.89577
     9201.69039
     5637.94674
     6994.53674
     6413.21071
     6739.45197
    19416.68836
    13403.39273
    17492.17041
    21035.97795
    12992.70831
     9100.35419
    62446.83732
     8472.73851
     6331.00215
    52847.64597
     8479.96550
    28558.64014
    12585.20872
     6425.65212
     5857.49660
     8038.72608
    15046.57605
     5453.41776
     8976.03756
    10396.59494
    22248.58206
   229479.50525
    11988.16791
    17073.54307
     5799.95663
    11776.57287
     8155.29814
   371003.32359
     8712.65143
     6440.27086
    12250.16056
    44556.94222
   420965.13467
     7690.06412
    10565.95039
     6665.22374
    25724.56820
 11064811.60614
     6441.96859
    11757.73494
     5157.72351
     7172.89956
    22248.91791
     5696.95861
    15018.85591
     7462.27200
     9976.88221
     9507.89876
    18057.66013
    11023.77619
     9753.67180
   166704.01195
   241764.90331
    86573.05831
   163484.40355
     9722.09971
   291534.19995
    10326.22288
    19733.77266
     8231.94890
     7949.49228
    32421.74984
    34540.48634
    14433.91441
     8543.22734
    12214.97045
    28866.93219
    18013.46610
    29091.71341
     8435.38878
    10099.47817
    15577.68060
     8332.92957
     6890.99992
    11778.65324
    84205.99423
    14577.08001
     9782.43177
    12841.06473
     6839.92217
    23781.53820
    13830.75570
     7338.32312
  2272982.81891
     8254.00163
     9131.60240
    10358.20292
    16529.39781
  1997231.50701
     9712.83724
     8734.40173
    19591.61200
    17024.92464
   509623.10666
     9486.99257
     6265.34104
    11059.84515
   279683.63969
     7459.93995
    41671.93253
     7434.39713
     5930.41236
    11047.01788
     8220.03911
     5712.77949
     9119.34334
     8381.20909
    28945.44512
     6655.51181
     5805.13881
    14374.04724
     7671.29752
     5972.92226
     7844.08673
     6867.36669
   294127.73094
   614228.05771
   161302.23798
    21578.99310
    11605.18121
    12566.75293
     9645.31103
    15419.40235
     6249.46032
    11722.38299
     9614.76694
    35812.72629
     9011.53774
  4088660.69585
     9152.93205
   232462.69037
    24630.61191
    39225.85915
     8896.95695
    36122.75122
     8753.85463
     8105.55710
     8688.60892
    76873.14716
     6192.01445
     8440.60683
     6281.34811
     5072.51877
     7704.04740
     8665.93088
    12097.53899
    10902.31423
    10229.22108
    30442.31355
     7538.90002
    47129.81220
    14938.64140
    10112.42149
    10834.92643
     9494.24027
   149316.87672
     5175.26617
     8125.40411
    11831.84016
     6227.66224
    21473.19732
    12017.28031
     5949.53247
  2188109.16224
    24324.65626
    16717.41478
    39680.23590
     6697.89645
    11342.62537
     6529.97535
    22331.35887
    40093.73959
    10435.39882
     9106.23475
    11554.41061
   298152.51633
     7990.57100
    12240.16918
    15333.17568
     7459.01337
     8177.76698
   164879.92327
    23929.16001
    23268.05626
     7149.48791
    13407.02906
    21239.13318
    15540.75165
    19634.86415
    25256.47306
   683117.57564
    10046.24949
    13929.41448
     7486.13278
     7358.06496
     9470.71711
    10443.91853
    11220.82426
     6205.79896
    11815.37238
    12249.23879
     7624.63462
     6474.80269
    24176.62159
     7839.85771
    19295.31250
    22209.34239
     6355.05992
    50691.58732
    76262.91504
     9250.13595
 17132299.39341
    33759.66244
    11555.70123
  1208722.08473
    11837.85076
    25723.61640
     7364.44874
    29101.94319
    14713.05421
     6772.99582
     6485.59965
     6851.55532
     9099.83239
    10512.89167
     7386.97740
     7808.87886
     7247.46467
    15939.94762
     8083.58451
     9744.67612
    11733.09494
     8435.19995
     9252.82392
    10907.52160
     6402.26323
     4559.80665
     7515.14631
    10986.70106
  9249158.84669
    29318.88817
    15434.40114
     7375.33596
     7676.39918
    65087.16532
     9144.37031
    19628.18901
    29047.22999
    10998.54554
     9434.62139
     6153.73805
    11761.12784
    13558.79498
    17645.89300
    11036.80853
     8610.15765
    15749.53919
     8926.44540
     6416.12535
     6511.68015
     5921.66488
    16490.49201
    29014.59072
    33835.52435
    14799.39553
     7826.80077
    11998.35816
     9156.84793
    86491.54427
     8774.47807
     9112.29838
     8042.42434
   116759.72545
     5993.13355
    14141.42263
     6612.07523
     9346.08852
   324673.72617
     8429.81739
     7779.99067
    13061.51304
     8840.62583
     6414.07938
    38625.50150
   282384.40662
     5858.09028
    13267.38669
 30938046.20511
     8521.09417
    84179.10807
     9862.43480
     7249.37909
     9203.69451
    12345.27317
    16815.12750
     8085.71395
     6225.31901
     7950.08889
     9703.19545
    11392.73169
    19403.33085
    10551.08669
     7006.62410
    88651.49579
    23360.13183
     5648.10605
     7848.22208
    10852.46925
    10189.55378
     8522.13015
     7185.57163
    11040.39253
     5511.36666
     7397.81011
    15171.93742
     9493.14784
     9630.84497
    10257.97264
   503792.01103
     6776.88750
    11609.91941
    12971.79594
     6589.32618
    15224.93664
    14333.48581
   150009.01221
     9434.95299
     6244.28148
    18808.34400
    13864.25294
    31661.05188
    65793.31469
    21149.52517
     8753.61894
    13525.86072
     6588.74332
    10145.26089
    26346.79431
  6345106.61976
    49578.31642
   754257.95634
    18528.66915
    14279.81086
     6102.88169
     9149.94813
     9863.28997
     7685.63412
    29355.77562
    12305.50752
     8487.39422
     8228.76312
     5482.86348
     8648.70742
    17297.00507
    21003.72249
     9549.07146
     8067.13088
     8452.66665
     8362.76221
   983911.06562
     8057.97543
     7927.03447
     5721.14415
  3555882.14866
    23803.62909
     7846.13654
    10366.12254
     7245.79216
    55720.64921
     6879.11623
     6503.89530
     7964.97950
     5115.13033
    12530.91078
    12503.92925
    18845.57304
    20051.90149
    10259.38337
     7104.06688
   231215.44465
    11942.98381
    11341.52676
     9602.44277
     9492.40792
     7768.43495
    15013.63148
     8204.44267
     8990.23770
  4077695.33123
    17883.38023
  3445889.57277
    17593.26900
  4154284.09064
    19419.68540
     8212.73867
    28411.27611
    12854.36018
    13040.30227
    20115.40915
     7854.79426
     7595.26119
     8259.85621
    35621.74745
     9945.42461
     6009.82260
    48214.95639
    11051.28207
    11828.07348
     6595.85465
    19572.96876
    15606.51042
    12737.36188
    30478.29688
     7041.64374
     6068.84955
     7270.87457
    18038.64357
    16985.93962
     7471.45470
     7680.15882
    21094.38580
    12566.02732
    14079.27445
     6634.70914
    24371.05939
    11665.39330
     8859.26057
    18877.97432
    17434.21371
     5815.57452
    18776.02223
     7016.38966
    12858.34569
    14821.47629
    33023.75220
    96048.96350
     5363.33511
     7496.02621
    13632.15776
     7896.58159
     7108.41401
 84388244.95766
     6108.73642
     8588.00430
     9501.28972
     9688.57252
     9786.79415
   390048.90986
    15133.12654
     7961.26216
  1238365.30296
    33915.78349
    11967.61237
     7112.71693
     5719.95138
     8155.79170
    11235.66329
    23892.50948
     7542.21296
     8505.76471
     6634.32644
     8659.04185
     6376.89505
    65350.42647
   579073.91232
     7674.68588
    11310.56197
    10601.56294
    14293.28091
     7575.00088
    23065.45465
    12454.63676
     8168.55791
   597335.79424
     5662.92382
    67567.41769
     9489.33634
    64099.22910
    14053.28439
    54583.35449
     8909.52410
   721745.90841
    11641.76789
    11764.20599
     6327.90264
    22439.36179
    11822.18434
     7524.36462
     5982.34605
     9108.98235
    69067.96102
    10425.65961
    12461.62075
     9083.28376
  4643212.94251
    15091.73349
    10789.18439
    30427.12059
    13961.16272
  4447593.86722
     7392.60372
     6526.93099
    11428.54239
    15171.34695
    29603.12726
     7770.06347
     9717.09948
     4666.31719
     6297.43438
     6841.87315
 13549106.31742
    10744.43679
     6163.15243
    10463.50679
    10594.55144
    71572.53104
    10855.53483
    22194.07137
    76308.54636
    12629.70112
    84291.51767
    14904.01541
    89751.68815
    14487.80495
    19812.81862
    29378.65699
    12769.89306
    13754.61203
     8716.04124
    27612.05533
    25050.88706
     9214.95694
     4699.07478
     4912.67508
     5348.69134
     5561.20391
     9098.13119
    13762.00598
     6939.46007
   504773.95955
     8964.45599
    10521.36629
    24133.97074
    11031.29294
     5972.68482
    14089.90749
     6683.78119
     8506.42295
     8668.91160
    43419.49239
     6075.12585
    10560.93823
     6066.62313
    29020.33079
   217694.22606
   436412.56479
     6952.53577
    16579.33350
    42593.18794
     5782.17000
     8513.61059
     8189.52588
     6118.77461
     8857.57998
     8999.59431
     6197.62593
     8998.23819
    11599.92863
     6489.80758
     7639.44926
    12710.03835
    19109.89215
     8439.94703
    18098.42399
     8076.09815
     7297.67135
     7451.09480
     6663.42794
    14654.85628
     8966.50583
    10614.51373
    10646.07335
    10926.27816
     7854.47002
   108148.48936
    46259.62309
     7063.15126
    31883.88345
    13621.14460
     9095.80453
    17141.62286
    18814.19571
     7777.00545
    76796.66455
    13073.55161
     9999.39824
    14425.12595
    17330.44179
    23391.18071
    33361.05705
 14164986.85392
    10005.15997
    12004.72333
    16521.13049
     8494.24242
    18773.60388
    13812.43047
  1692130.12622
    29191.83892
   423905.53537
     5903.36285
     8628.14759
    20960.16063
    24304.15898
    14866.20388
    17307.05473
     8518.39833
     6789.58637
     8305.18062
     6632.42160
  7539464.03156
    27083.03812
  5848997.71687
     6949.41517
     5277.56929
     8420.00391
     9192.71456
   554660.91890
     6751.71802
    20819.63661
     9032.78919
    24262.19049
    26118.93746
     9844.21366
    10735.59803
    11879.39057
    10192.51602
     7664.56028
    14240.65364
     8283.74191
     5781.23382
     8642.57304
    26915.93423
    10135.66367
    11669.40613
    67917.24226
    73237.08725
   467970.09512
     6338.29788
     8837.69002
     7681.21369
     6584.17242
   958056.05115
     6098.25595
     8313.96694
    10085.31339
    42881.63364
     6191.90658
     6665.78245
     9827.00831
     6751.82880
    26440.21610
    17486.70115
    12787.19731
 21185831.24735
     7516.86057
    19223.67662
   139249.33128
     6604.48894
     9935.15321
    12105.78763
   752993.25003
    19887.26480
  1278181.87332
     5195.69458
     6131.47330
     5746.66932
     7418.35137
   201500.84904
    29308.50725
     6975.95616
     7745.52786
    25596.77196
    22052.24929
     7360.80835
    15188.56782
    10927.09825
     8643.86220
    16664.42406
     6432.20668
     6375.17979
     9461.24049
    11693.10043
     7245.57057
    39526.69637
    10326.10854
     7327.22660
     7500.32135
     7709.90975
    13513.49311
    10419.04353
    14469.32426
     6749.94214
    23582.30248
   198893.36276
   385894.44115
    59345.88068
     7379.47709
    19622.45691
    23496.86802
     6865.30626
     7005.14659
     9014.96667
     5451.96862
    58766.45759
     6152.66345
    16678.14907
    11051.20809
    17209.20692
     7712.68502
    26701.15157
    12915.23619
    17431.70889
     7806.45716
     9058.91176
     7572.24439
     6749.58917
    12310.50618
    34201.23242
     5504.81530
  3177073.48237
     7803.71275
    14057.53729
    11330.61335
     9965.05896
     9195.75775
   243201.54254
    12369.93035
    11543.37003
    10423.18717
    13690.62037
     5354.29003
    15862.70676
     7027.47537
   219401.58254
     6877.50088
    11424.15350
     8547.43651
     6773.56978
     6696.16037
     9016.78768
     8440.18123
     8681.58777
    13171.99056
    17934.22050
    91476.00025
   552590.58679
     9611.02914
    36539.07655
    62402.36510
    31186.17983
    33192.00032
     9500.32602
     6631.45090
    11556.63310
     8267.50915
    19959.43558
    11444.83216
     7530.17273
     8437.00583
    15993.02410
    12777.22061
    10126.37905
   475989.08118
     8209.70845
     7496.29145
     8792.52941
    23906.71284
     8573.01291
    15241.25506
     6863.42944
    12289.66995
    89861.56484
     9534.98224
     6414.58577
  6894440.52957
     8035.04969
    20234.88113
  3375115.29285
    15771.54352
    30377.78492
    21272.08786
     9990.13358
    14924.70172
    16728.48249
    14455.25442
    13934.49398
   314932.70699
     8186.02147
   159933.32041
    12426.09964
    24148.99162
    16918.04454
    13069.64940
   457724.19164
     8469.74883
    43166.82569
     8796.97343
    18390.55884
    26420.51856
    11031.21701
     9106.19945
     7464.28035
     9815.95491
    13920.65038
    24690.59034
     5117.20784
     6016.98125
    46817.86425
    12053.74298
    29607.74078
    16910.25477
     9862.03688
    11676.52753
    16835.61491
    11260.84574
    12563.65955
     7864.99770
    10282.08210
    10960.11549
     5442.26219
    12452.76973
    12077.75481
    15364.34876
    55190.93608
    15757.53604
    18000.56635
    11094.25412
     9959.48554
     8658.55818
     9567.76570
  2786432.09536
     8249.94266
     5217.58546
     7469.09884
     8223.05109
     8926.67765
    15973.64417
     9331.49407
     6852.87779
    20848.74463
   152802.55861
     5480.82185
    14286.22932
   300820.90394
    53807.56117
    10172.28364
     9511.06175
     9914.78124
     8308.87812
     8665.13399
     7188.44078
   188224.33285
    13369.75757
  5285871.46040
   126168.13677
    11573.81759
    19650.53855
     7025.47267
    26023.29181
   215752.80977
     7963.33272
     5809.04700
    61326.79604
     6011.60102
    81842.66073
     8007.58119
     7165.67961
   184723.18174
     8487.00143
   458399.39976
    17480.75636
    17300.59878
    16837.77607
    18429.85651
     5748.43215
    10520.95102
    11423.84567
     7468.88019
     6785.69857
    11834.05670
     5179.02480
     5581.06832
    10430.89331
     9106.27707
    39026.52451
    67403.67537
     7413.24242
     5924.61145
    16318.72158
     9540.80532
    17712.67757
    56266.36661
     5985.39578
    19329.01973
     5824.84911
    11721.68232
     6267.68295
     7707.60949
    22905.87951
    88967.32073
    11178.34235
     6412.39528
     6781.31605
     8305.76016
    33978.55351
    10017.99239
    15712.04194
     7477.45329
    14704.57646
     8978.33401
    13151.90091
     6916.26908
    10055.14079
     9940.65343
    31554.23507
    14521.88667
     7801.19116
     7383.60604
     7605.97791
    32873.83794
   160670.94043
   149883.70856
    12568.36865
    11126.98017
    16640.52377
   504553.77416
    19376.92965
   107695.31267
    26283.55194
     8966.30209
   130389.48441
     9357.55624
    22522.39860
    11149.59526
     6870.79377
    15835.05341
     9826.37863
     9698.56426
    22760.28275
    33141.77144
     8730.92022
    19668.09908
     5611.64753
     7735.69197
     7165.76660
     7660.91669
     9663.83717
     8494.29764
     6702.63829
   182985.77589
    11817.18800
    12131.58013
    10812.85906
     9259.13673
     8304.09500
    51233.34214
    12058.42503
     8870.60446
     5441.58657
     9857.85919
     6290.57966
     7652.05225
    20578.00611
     5158.62444
     7809.14015
    10561.48615
  4990752.69800
    13369.26974
     7531.94508
    15465.46302
    38460.25900
    80141.80138
    23210.82354
    23816.91449
     5924.20184
     7016.73773
     6610.94943
     7276.12872
  2946575.08728
     5069.96767
    15979.75960
     4634.48391
     5199.90278
  1537749.13761
     9263.04695
    54520.52039
     5458.33642
 20821787.35609
    70587.96442
    11963.89561
    46574.45067
     9569.24040
    12027.76809
     6220.56875
    24785.63217
   116541.59968
    77305.57452
    35314.62936
     8223.22578
    53169.83863
   130938.40694
    10525.21649
    12925.69527
    12919.35297
    13111.94099
     9316.58446
    12068.29875
     6480.41998
    41214.09485
     9950.91419
     6611.91482
     8462.71998
     7518.77065
    12874.54246
   821316.32614
     9590.94076
    10413.04549
    13197.36221
    14190.73463
   187790.82538
     8223.00094
    26780.51340
   170331.09176
   220496.53037
     8360.08753
     8503.11064
     5597.19473
  9684643.27936
     8824.74786
    19163.82530
    10658.50026
    12386.83372
     8684.64782
    22098.05258
  1128196.10365
     8228.71732
    11820.30249
    10373.38409
    10974.33221
     4646.96276
    10271.97124
    11796.90873
    12136.66483
    12833.17750
   269638.65590
    13515.21592
     5505.45632
    12572.32343
     6842.45105
     8383.88001
    79196.97153
    52889.72310
  3362552.90676
     6987.68470
     8855.58029
    14801.92506
     7816.80093
   227116.68832
     6438.90437
    13030.66451
    12796.82872
    22451.53777
    12526.12490
    10838.91510
    81721.01611
   162778.97182
    90742.78315
    19936.24911
    11436.95339
    10001.05012
    25184.19447
    11004.98447
     8653.55778
    20628.56033
     5426.63692
     9610.02205
    12089.31128
     6124.02963
   215358.43279
    58025.81679
    15470.28473
    21733.73137
     6709.88773
    16669.55933
    44360.99422
   264495.06007
    16270.58636
    23677.07503
     6473.40098
    15114.86539
     8535.41523
    11536.99331
    79169.68060
     7678.11379
    31342.99855
     8268.37372
     9800.43125
    16899.67756
    10281.26304
   116189.79980
     8694.68837
    44186.22232
     9442.97087
     5909.95979
    12062.71769
    10349.46864
     8290.79936
    11539.19713
    33596.13577
     7730.10980
     9087.68017
     7015.48183
     4722.69523
    22295.43938
    16598.15779
   359991.97932
    14609.57033
   862831.96759
     8328.36429
    13942.76099
     5669.85712
    13510.84179
     6063.89348
    24024.22451
    13375.94802
  1646940.39709
     9498.21060
   135406.43185
     9626.61337
     7181.86769
    13425.76278
    13403.77849
    62454.11521
     9583.60897
    16493.39710
   268590.96580
   136736.47237
    11553.44884
   194902.86035
    33092.61396
     5862.27585
   455234.56617
     7063.43702
     8107.90973
    12315.65345
     6526.54243
    10578.49200
    73498.24062
    40448.10214
     6634.17599
     8582.45973
    13365.98213
    51380.04415
    16953.40160
     9814.80439
     5459.75945
     5898.37936
    73220.22664
    13066.65347
    18864.29321
     8987.84551
     8843.18746
     8947.74068
     6914.99146
     6761.69888
     6175.28326
    10722.15193
   182184.93116
    12301.27641
    31838.18647
     8527.48096
     7103.79374
    94843.10055
    27811.40994
     9287.51083
    37926.83955
   195481.39764
    12158.10943
     8579.70491
     8840.93807
     8180.36213
     5853.05680
     6484.64963
    10532.98900
     8136.67862
    42045.10441
     9176.26840
    10832.54675
     8501.04086
     7624.32398
     6413.53812
    21305.25663
    45176.50695
    27651.83084
     7300.69731
     9644.52216
  6084640.04603
     6476.20981
    12602.56319
    17720.06814
     5159.19616
    17926.63955
    12005.67408
    13321.45963
     5143.33091
   160119.24169
     6086.94288
    64745.60574
    14423.49203
     6785.56500
    47017.93652
    27528.36360
     8514.15348
     8239.29798
    13944.92112
    79504.74160
     7317.44661
    37944.42188
    25069.97349
    36430.91928
     7406.17473
    29810.42100
     8936.26386
     7137.60667
    55622.24720
     7841.92813
     8719.47906
     8702.42077
    23625.26111
     8071.65742
    41837.57153
     7821.69856
     9988.43583
     7386.15591
    17916.84740
    15315.66508
    12975.51374
   455173.42070
    71529.96628
    13982.39805
     7954.24019
     8864.12322
   280793.05608
    50680.34190
    13061.95525
     8681.48973
     7578.00321
     7566.93973
     6769.99607
   103986.02146
   259441.89488
     9050.39933
     7075.47412
    18454.33974
     8341.15734
     9508.10149
     9311.94735
     6417.38567
    11464.45116
     9734.34045
    16425.75853
    12538.77846
    12179.34868
     9858.11670
     6677.88210
     7691.99394
    10476.75263
     9838.41527
    15323.08693
    85502.82694
     7824.37392
    12502.13590
     5630.47019
    13728.59380
    12275.21193
     6629.41078
   165425.55692
   282164.08587
    10666.08517
    11019.80983
    33794.93807
    21720.32488
   151448.34449
    11031.16849
    24971.51433
    24270.51104
   123778.12772
     8538.73498
     7683.58211
     7106.57083
     5345.99411
  7375059.88767
     7101.20373
    13958.22429
     6930.88586
    47150.55178
     8708.77353
    49745.65302
    12090.52356
    11418.27951
     7459.33535
   690664.84974
    13901.40718
    10181.43977
    10914.64094
    27473.34142
    19161.85409
    16514.60655
   170464.71970
     7003.53118
     8071.91587
     9861.94800
    12327.90316
     7115.59626
     5625.21442
    14751.15979
   132496.96279
  2749901.48365
    11876.82088
    17471.80084
     8960.06557
     8247.25457
     8455.13866
    55157.66040
     7249.33242
     8853.09436
     6887.81249
    16554.61200
    21689.71742
    90554.63017
    11501.16440
    29968.74581
     9429.53908
    10450.04025
    10723.25040
    23378.37732
    12681.75520
     6617.54180
    12946.10675
     5322.60182
     6051.79945
    33865.21744
    19760.86718
    10282.42080
     9430.50421
     7800.50034
    19687.89525
    14576.75193
    10065.94204
     7577.84771
     6759.24199
     9823.75099
     6351.44666
    37118.11699
    11170.37738
     6771.23361
     6861.94335
    13694.63576
    10346.35068
    18216.04868
    38524.17095
    11745.38296
     7498.49494
     6315.09959
     9909.05369
     7723.54052
   274931.82750
    72167.90593
     6982.39860
    13611.05388
   282630.20000
    89543.45981
    18720.69325
     8172.50136
     7905.30428
     7171.83460
     7888.66734
     7458.15614
    14352.28922
     9188.69506
    15653.50712
     5666.18838
     9157.84806
     6893.14097
   260459.78936
    35657.37670
    21146.21841
    11620.57407
    11677.31231
     4567.78167
    21831.87785
     6738.36478
    23576.93037
    17755.17026
    13380.48809
     9396.47860
     6361.80820
    69510.37477
     9103.30084
    23590.82190
    21346.28156
    29532.12326
    29242.48930
    62182.44333
    10712.37346
     8029.42822
    22871.83970
   997750.54208
     7505.52992
    14233.14173
  1749713.37240
    17297.53662
   918093.48566
    10008.14812
    26238.99602
     7424.33021
    16222.65881
   109594.16119
     7269.66411
     5858.19275
    14607.11282
    79195.01123
   258082.65159
   512947.03034
   923293.56387
    12544.36053
    14825.14789
    39143.71136
    34404.40276
    14742.72225
     7936.50920
     7813.66308
     6201.11101
    32080.25921
     7450.27306
    10836.76628
    10591.26285
    34008.93000
     5536.87568
    25126.62088
     8848.87621
     7075.80955
     5438.25190
   108908.38563
  1404407.92711
    19368.33704
     5828.78118
    23608.52683
    11230.41809
    95899.96044
     7988.99020
    19851.96146
    52786.66813
    74428.25493
     6413.54751
    42425.71515
     8888.16736
    12877.77360
    14149.02026
     8576.29900
     7990.31762
     8569.67863
     9206.25922
   612957.00141
     5289.87187
    14172.51749
    21409.62145
    67387.97443
     7752.29965
     8048.90048
    12221.87762
     6695.32083
     8411.86481
     9527.99149
   134744.65555
     9296.24127
     7376.08481
     6740.05891
     9893.97173
    18492.98294
     6851.59584
     9847.12533
    22474.68519
     7560.40816
 13813761.84244
     8966.92821
    34896.67973
     7145.44336
    33075.55310
     6617.87934
     8304.85749
     4836.48680
    10979.86202
     8707.31685
    11141.31551
    10036.29768
    13296.66661
     6066.31233
    75938.21278
     5922.16728
    64898.76214
    15005.71328
    13818.07908
    34303.59528
     6043.72860
    25967.04964
     8229.57843
  1477385.40498
     7717.50674
     5396.59583
    14478.44714
     4481.18484
    39195.02674
     9151.88314
     5822.80648
    14566.90259
    18650.53255
     9375.47113
    23236.68518
    20929.69142
    19692.23035
     7817.70936
   141652.63779
   222182.94706
    15435.27952
    17854.08845
     7692.96310
     7775.41718
  7816398.38732
     8942.53104
     6741.16408
     6641.17429
     8850.64381
     8508.07729
    11646.68378
    10569.32145
     6458.68828
    76677.02671
     8330.35541
    17371.64935
    12150.61550
   138458.36382
   206875.46390
     5231.93242
     9149.88449
     9264.93001
    13201.35630
    10518.67930
    10766.46200
    12926.75503
    10452.24849
    12818.76072
     8599.75144
     8676.28694
     4954.46728
     9577.66464
     6949.47407
     6720.66279
    13245.48165
    11631.88582
    40954.85127
     9801.80890
    12001.37557
     5190.25327
    18526.22370
     9449.41139
    20247.16112
     7768.28510
     8037.66336
   868372.79300
     9296.95225
     9814.20440
    11544.08425
     6804.28433
    11955.87606
     8979.25919
     9943.43404
    20014.16657
     7481.64624
     5926.15583
